5 34 29 2885 
5 34 52 2880 
5 34 58 2889 
5 60 40 2904 
5 60 29 2919 
5 60 52 2913 
5 60 58 2924 
5 40 29 2943 
5 40 52 2939 
5 40 58 2950 
5 29 52 2953 
5 29 58 2964 
5 52 58 2960 
48 62 58 2877 
48 7 29 2886 
48 7 52 2882 
48 7 58 2893 
48 36 60 2960 
48 36 40 2961 
48 36 29 2972 
48 36 52 2976 
48 36 58 2987 
48 60 40 2961 
48 60 29 2973 
48 60 52 2975 
48 60 58 2986 
48 40 29 2972 
48 40 52 2976 
48 40 58 2987 
48 29 52 2987 
48 29 58 2998 
48 52 58 3002 
66 34 60 2886 
66 34 29 2882 
66 34 52 2877 
66 34 58 2886 
66 62 60 2892 
66 62 40 2877 
66 62 29 2884 
66 62 52 2881 
66 62 58 2892 
66 7 60 2906 
66 7 40 2882 
66 7 29 2902 
66 7 52 2895 
66 7 58 2906 
66 36 60 2924 
66 36 40 2900 
66 36 29 2916 
66 36 52 2913 
66 36 58 2924 
66 60 40 2997 
66 60 29 3013 
66 60 52 3010 
66 60 58 3021 
66 40 29 2989 
66 40 52 2986 
66 40 58 2997 
66 29 52 3002 
66 29 58 3013 
66 52 58 3010 
56 34 29 2880 
56 34 52 2879 
56 34 58 2884 
56 62 60 2877 
56 62 40 2909 
56 62 29 2908 
56 62 52 2918 
56 62 58 2923 
56 7 40 2894 
56 7 29 2912 
56 7 52 2914 
56 7 58 2919 
56 36 60 2877 
56 36 40 2899 
56 36 29 2909 
56 36 52 2919 
56 36 58 2924 
56 60 40 2950 
56 60 29 2961 
56 60 52 2969 
56 60 58 2974 
56 40 29 2981 
56 40 52 2991 
56 40 58 2996 
56 29 52 3001 
56 29 58 3006 
56 52 58 3016 
34 62 40 2901 
34 62 29 2909 
34 62 52 2904 
34 62 58 2913 
34 7 60 2885 
34 7 40 2907 
34 7 29 2928 
34 7 52 2921 
34 7 58 2930 
34 36 60 2898 
34 36 40 2920 
34 36 29 2939 
34 36 52 2934 
34 36 58 2943 
34 60 40 2973 
34 60 29 2991 
34 60 52 2986 
34 60 58 2995 
34 40 29 3013 
34 40 52 3008 
34 40 58 3017 
34 29 52 3027 
34 29 58 3036 
34 52 58 3031 
62 7 60 2896 
62 7 40 2925 
62 7 29 2933 
62 7 52 2929 
62 7 58 2940 
62 36 60 2917 
62 36 40 2948 
62 36 29 2948 
62 36 52 2952 
62 36 58 2963 
62 60 40 2999 
62 60 29 3001 
62 60 52 3003 
62 60 58 3014 
62 40 29 3030 
62 40 52 3034 
62 40 58 3045 
62 29 52 3034 
62 29 58 3045 
62 52 58 3049 
7 36 60 2934 
7 36 40 2953 
7 36 29 2972 
7 36 52 2968 
7 36 58 2979 
7 60 40 3006 
7 60 29 3024 
7 60 52 3020 
7 60 58 3031 
7 40 29 3043 
7 40 52 3039 
7 40 58 3050 
7 29 52 3058 
7 29 58 3069 
7 52 58 3065 
36 60 40 3027 
36 60 29 3039 
36 60 52 3041 
36 60 58 3052 
36 40 29 3058 
36 40 52 3062 
36 40 58 3073 
36 29 52 3073 
36 29 58 3084 
36 52 58 3088 
60 40 29 3111 
60 40 52 3113 
60 40 58 3124 
60 29 52 3125 
60 29 58 3136 
60 52 58 3138 
40 29 52 3144 
40 29 58 3155 
40 52 58 3159 
29 52 58 3170 
