5 2971 
5 34 2889 
5 34 29 2885 
5 34 29 58 2885 
5 34 52 2880 
5 34 52 58 2880 
5 34 58 2889 
5 60 2924 
5 60 40 2904 
5 60 40 29 2899 
5 60 40 29 52 2888 
5 60 40 29 52 58 2888 
5 60 40 29 58 2899 
5 60 40 52 2893 
5 60 40 52 58 2893 
5 60 40 58 2904 
5 60 29 2919 
5 60 29 52 2908 
5 60 29 52 58 2908 
5 60 29 58 2919 
5 60 52 2913 
5 60 52 58 2913 
5 60 58 2924 
5 40 2950 
5 40 29 2943 
5 40 29 52 2932 
5 40 29 52 58 2932 
5 40 29 58 2943 
5 40 52 2939 
5 40 52 58 2939 
5 40 58 2950 
5 29 2964 
5 29 52 2953 
5 29 52 58 2953 
5 29 58 2964 
5 52 2960 
5 52 58 2960 
5 58 2971 
48 3013 
48 62 2877 
48 62 58 2877 
48 7 2893 
48 7 29 2886 
48 7 29 58 2886 
48 7 52 2882 
48 7 52 58 2882 
48 7 58 2893 
48 36 2987 
48 36 60 2960 
48 36 60 40 2935 
48 36 60 40 29 2922 
48 36 60 40 29 52 2911 
48 36 60 40 29 52 58 2911 
48 36 60 40 29 58 2922 
48 36 60 40 52 2924 
48 36 60 40 52 58 2924 
48 36 60 40 58 2935 
48 36 60 29 2947 
48 36 60 29 52 2936 
48 36 60 29 52 58 2936 
48 36 60 29 58 2947 
48 36 60 52 2949 
48 36 60 52 58 2949 
48 36 60 58 2960 
48 36 40 2961 
48 36 40 29 2946 
48 36 40 29 52 2935 
48 36 40 29 52 58 2935 
48 36 40 29 58 2946 
48 36 40 52 2950 
48 36 40 52 58 2950 
48 36 40 58 2961 
48 36 29 2972 
48 36 29 52 2961 
48 36 29 52 58 2961 
48 36 29 58 2972 
48 36 52 2976 
48 36 52 58 2976 
48 36 58 2987 
48 60 2986 
48 60 40 2961 
48 60 40 29 2948 
48 60 40 29 52 2937 
48 60 40 29 52 58 2937 
48 60 40 29 58 2948 
48 60 40 52 2950 
48 60 40 52 58 2950 
48 60 40 58 2961 
48 60 29 2973 
48 60 29 52 2962 
48 60 29 52 58 2962 
48 60 29 58 2973 
48 60 52 2975 
48 60 52 58 2975 
48 60 58 2986 
48 40 2987 
48 40 29 2972 
48 40 29 52 2961 
48 40 29 52 58 2961 
48 40 29 58 2972 
48 40 52 2976 
48 40 52 58 2976 
48 40 58 2987 
48 29 2998 
48 29 52 2987 
48 29 52 58 2987 
48 29 58 2998 
48 52 3002 
48 52 58 3002 
48 58 3013 
66 3021 
66 34 2886 
66 34 60 2886 
66 34 60 29 2882 
66 34 60 29 58 2882 
66 34 60 52 2877 
66 34 60 52 58 2877 
66 34 60 58 2886 
66 34 29 2882 
66 34 29 58 2882 
66 34 52 2877 
66 34 52 58 2877 
66 34 58 2886 
66 62 2892 
66 62 60 2892 
66 62 60 40 2877 
66 62 60 40 58 2877 
66 62 60 29 2884 
66 62 60 29 58 2884 
66 62 60 52 2881 
66 62 60 52 58 2881 
66 62 60 58 2892 
66 62 40 2877 
66 62 40 58 2877 
66 62 29 2884 
66 62 29 58 2884 
66 62 52 2881 
66 62 52 58 2881 
66 62 58 2892 
66 7 2906 
66 7 60 2906 
66 7 60 40 2882 
66 7 60 40 29 2878 
66 7 60 40 29 58 2878 
66 7 60 40 58 2882 
66 7 60 29 2902 
66 7 60 29 52 2891 
66 7 60 29 52 58 2891 
66 7 60 29 58 2902 
66 7 60 52 2895 
66 7 60 52 58 2895 
66 7 60 58 2906 
66 7 40 2882 
66 7 40 29 2878 
66 7 40 29 58 2878 
66 7 40 58 2882 
66 7 29 2902 
66 7 29 52 2891 
66 7 29 52 58 2891 
66 7 29 58 2902 
66 7 52 2895 
66 7 52 58 2895 
66 7 58 2906 
66 36 2924 
66 36 60 2924 
66 36 60 40 2900 
66 36 60 40 29 2892 
66 36 60 40 29 52 2881 
66 36 60 40 29 52 58 2881 
66 36 60 40 29 58 2892 
66 36 60 40 52 2889 
66 36 60 40 52 58 2889 
66 36 60 40 58 2900 
66 36 60 29 2916 
66 36 60 29 52 2905 
66 36 60 29 52 58 2905 
66 36 60 29 58 2916 
66 36 60 52 2913 
66 36 60 52 58 2913 
66 36 60 58 2924 
66 36 40 2900 
66 36 40 29 2892 
66 36 40 29 52 2881 
66 36 40 29 52 58 2881 
66 36 40 29 58 2892 
66 36 40 52 2889 
66 36 40 52 58 2889 
66 36 40 58 2900 
66 36 29 2916 
66 36 29 52 2905 
66 36 29 52 58 2905 
66 36 29 58 2916 
66 36 52 2913 
66 36 52 58 2913 
66 36 58 2924 
66 60 3021 
66 60 40 2997 
66 60 40 29 2989 
66 60 40 29 52 2978 
66 60 40 29 52 58 2978 
66 60 40 29 58 2989 
66 60 40 52 2986 
66 60 40 52 58 2986 
66 60 40 58 2997 
66 60 29 3013 
66 60 29 52 3002 
66 60 29 52 58 3002 
66 60 29 58 3013 
66 60 52 3010 
66 60 52 58 3010 
66 60 58 3021 
66 40 2997 
66 40 29 2989 
66 40 29 52 2978 
66 40 29 52 58 2978 
66 40 29 58 2989 
66 40 52 2986 
66 40 52 58 2986 
66 40 58 2997 
66 29 3013 
66 29 52 3002 
66 29 52 58 3002 
66 29 58 3013 
66 52 3010 
66 52 58 3010 
66 58 3021 
56 3021 
56 34 2884 
56 34 29 2880 
56 34 29 58 2880 
56 34 52 2879 
56 34 52 58 2879 
56 34 58 2884 
56 62 2923 
56 62 60 2877 
56 62 60 58 2877 
56 62 40 2909 
56 62 40 29 2894 
56 62 40 29 52 2889 
56 62 40 29 52 58 2889 
56 62 40 29 58 2894 
56 62 40 52 2904 
56 62 40 52 58 2904 
56 62 40 58 2909 
56 62 29 2908 
56 62 29 52 2903 
56 62 29 52 58 2903 
56 62 29 58 2908 
56 62 52 2918 
56 62 52 58 2918 
56 62 58 2923 
56 7 2919 
56 7 40 2894 
56 7 40 29 2887 
56 7 40 29 52 2882 
56 7 40 29 52 58 2882 
56 7 40 29 58 2887 
56 7 40 52 2889 
56 7 40 52 58 2889 
56 7 40 58 2894 
56 7 29 2912 
56 7 29 52 2907 
56 7 29 52 58 2907 
56 7 29 58 2912 
56 7 52 2914 
56 7 52 58 2914 
56 7 58 2919 
56 36 2924 
56 36 60 2877 
56 36 60 58 2877 
56 36 40 2899 
56 36 40 29 2884 
56 36 40 29 52 2879 
56 36 40 29 52 58 2879 
56 36 40 29 58 2884 
56 36 40 52 2894 
56 36 40 52 58 2894 
56 36 40 58 2899 
56 36 29 2909 
56 36 29 52 2904 
56 36 29 52 58 2904 
56 36 29 58 2909 
56 36 52 2919 
56 36 52 58 2919 
56 36 58 2924 
56 60 2974 
56 60 40 2950 
56 60 40 29 2937 
56 60 40 29 52 2932 
56 60 40 29 52 58 2932 
56 60 40 29 58 2937 
56 60 40 52 2945 
56 60 40 52 58 2945 
56 60 40 58 2950 
56 60 29 2961 
56 60 29 52 2956 
56 60 29 52 58 2956 
56 60 29 58 2961 
56 60 52 2969 
56 60 52 58 2969 
56 60 58 2974 
56 40 2996 
56 40 29 2981 
56 40 29 52 2976 
56 40 29 52 58 2976 
56 40 29 58 2981 
56 40 52 2991 
56 40 52 58 2991 
56 40 58 2996 
56 29 3006 
56 29 52 3001 
56 29 52 58 3001 
56 29 58 3006 
56 52 3016 
56 52 58 3016 
56 58 3021 
34 3040 
34 62 2913 
34 62 40 2901 
34 62 40 29 2897 
34 62 40 29 52 2888 
34 62 40 29 52 58 2888 
34 62 40 29 58 2897 
34 62 40 52 2892 
34 62 40 52 58 2892 
34 62 40 58 2901 
34 62 29 2909 
34 62 29 52 2900 
34 62 29 52 58 2900 
34 62 29 58 2909 
34 62 52 2904 
34 62 52 58 2904 
34 62 58 2913 
34 7 2930 
34 7 60 2885 
34 7 60 29 2883 
34 7 60 29 58 2883 
34 7 60 58 2885 
34 7 40 2907 
34 7 40 29 2905 
34 7 40 29 52 2896 
34 7 40 29 52 58 2896 
34 7 40 29 58 2905 
34 7 40 52 2898 
34 7 40 52 58 2898 
34 7 40 58 2907 
34 7 29 2928 
34 7 29 52 2919 
34 7 29 52 58 2919 
34 7 29 58 2928 
34 7 52 2921 
34 7 52 58 2921 
34 7 58 2930 
34 36 2943 
34 36 60 2898 
34 36 60 29 2894 
34 36 60 29 52 2885 
34 36 60 29 52 58 2885 
34 36 60 29 58 2894 
34 36 60 52 2889 
34 36 60 52 58 2889 
34 36 60 58 2898 
34 36 40 2920 
34 36 40 29 2916 
34 36 40 29 52 2907 
34 36 40 29 52 58 2907 
34 36 40 29 58 2916 
34 36 40 52 2911 
34 36 40 52 58 2911 
34 36 40 58 2920 
34 36 29 2939 
34 36 29 52 2930 
34 36 29 52 58 2930 
34 36 29 58 2939 
34 36 52 2934 
34 36 52 58 2934 
34 36 58 2943 
34 60 2995 
34 60 40 2973 
34 60 40 29 2969 
34 60 40 29 52 2960 
34 60 40 29 52 58 2960 
34 60 40 29 58 2969 
34 60 40 52 2964 
34 60 40 52 58 2964 
34 60 40 58 2973 
34 60 29 2991 
34 60 29 52 2982 
34 60 29 52 58 2982 
34 60 29 58 2991 
34 60 52 2986 
34 60 52 58 2986 
34 60 58 2995 
34 40 3017 
34 40 29 3013 
34 40 29 52 3004 
34 40 29 52 58 3004 
34 40 29 58 3013 
34 40 52 3008 
34 40 52 58 3008 
34 40 58 3017 
34 29 3036 
34 29 52 3027 
34 29 52 58 3027 
34 29 58 3036 
34 52 3031 
34 52 58 3031 
34 58 3040 
62 3060 
62 7 2940 
62 7 60 2896 
62 7 60 40 2881 
62 7 60 40 58 2881 
62 7 60 29 2889 
62 7 60 29 52 2878 
62 7 60 29 52 58 2878 
62 7 60 29 58 2889 
62 7 60 52 2885 
62 7 60 52 58 2885 
62 7 60 58 2896 
62 7 40 2925 
62 7 40 29 2918 
62 7 40 29 52 2907 
62 7 40 29 52 58 2907 
62 7 40 29 58 2918 
62 7 40 52 2914 
62 7 40 52 58 2914 
62 7 40 58 2925 
62 7 29 2933 
62 7 29 52 2922 
62 7 29 52 58 2922 
62 7 29 58 2933 
62 7 52 2929 
62 7 52 58 2929 
62 7 58 2940 
62 36 2963 
62 36 60 2917 
62 36 60 40 2902 
62 36 60 40 29 2889 
62 36 60 40 29 52 2878 
62 36 60 40 29 52 58 2878 
62 36 60 40 29 58 2889 
62 36 60 40 52 2891 
62 36 60 40 52 58 2891 
62 36 60 40 58 2902 
62 36 60 29 2904 
62 36 60 29 52 2893 
62 36 60 29 52 58 2893 
62 36 60 29 58 2904 
62 36 60 52 2906 
62 36 60 52 58 2906 
62 36 60 58 2917 
62 36 40 2948 
62 36 40 29 2933 
62 36 40 29 52 2922 
62 36 40 29 52 58 2922 
62 36 40 29 58 2933 
62 36 40 52 2937 
62 36 40 52 58 2937 
62 36 40 58 2948 
62 36 29 2948 
62 36 29 52 2937 
62 36 29 52 58 2937 
62 36 29 58 2948 
62 36 52 2952 
62 36 52 58 2952 
62 36 58 2963 
62 60 3014 
62 60 40 2999 
62 60 40 29 2986 
62 60 40 29 52 2975 
62 60 40 29 52 58 2975 
62 60 40 29 58 2986 
62 60 40 52 2988 
62 60 40 52 58 2988 
62 60 40 58 2999 
62 60 29 3001 
62 60 29 52 2990 
62 60 29 52 58 2990 
62 60 29 58 3001 
62 60 52 3003 
62 60 52 58 3003 
62 60 58 3014 
62 40 3045 
62 40 29 3030 
62 40 29 52 3019 
62 40 29 52 58 3019 
62 40 29 58 3030 
62 40 52 3034 
62 40 52 58 3034 
62 40 58 3045 
62 29 3045 
62 29 52 3034 
62 29 52 58 3034 
62 29 58 3045 
62 52 3049 
62 52 58 3049 
62 58 3060 
7 3076 
7 36 2979 
7 36 60 2934 
7 36 60 40 2909 
7 36 60 40 29 2902 
7 36 60 40 29 52 2891 
7 36 60 40 29 52 58 2891 
7 36 60 40 29 58 2902 
7 36 60 40 52 2898 
7 36 60 40 52 58 2898 
7 36 60 40 58 2909 
7 36 60 29 2927 
7 36 60 29 52 2916 
7 36 60 29 52 58 2916 
7 36 60 29 58 2927 
7 36 60 52 2923 
7 36 60 52 58 2923 
7 36 60 58 2934 
7 36 40 2953 
7 36 40 29 2946 
7 36 40 29 52 2935 
7 36 40 29 52 58 2935 
7 36 40 29 58 2946 
7 36 40 52 2942 
7 36 40 52 58 2942 
7 36 40 58 2953 
7 36 29 2972 
7 36 29 52 2961 
7 36 29 52 58 2961 
7 36 29 58 2972 
7 36 52 2968 
7 36 52 58 2968 
7 36 58 2979 
7 60 3031 
7 60 40 3006 
7 60 40 29 2999 
7 60 40 29 52 2988 
7 60 40 29 52 58 2988 
7 60 40 29 58 2999 
7 60 40 52 2995 
7 60 40 52 58 2995 
7 60 40 58 3006 
7 60 29 3024 
7 60 29 52 3013 
7 60 29 52 58 3013 
7 60 29 58 3024 
7 60 52 3020 
7 60 52 58 3020 
7 60 58 3031 
7 40 3050 
7 40 29 3043 
7 40 29 52 3032 
7 40 29 52 58 3032 
7 40 29 58 3043 
7 40 52 3039 
7 40 52 58 3039 
7 40 58 3050 
7 29 3069 
7 29 52 3058 
7 29 52 58 3058 
7 29 58 3069 
7 52 3065 
7 52 58 3065 
7 58 3076 
36 3099 
36 60 3052 
36 60 40 3027 
36 60 40 29 3014 
36 60 40 29 52 3003 
36 60 40 29 52 58 3003 
36 60 40 29 58 3014 
36 60 40 52 3016 
36 60 40 52 58 3016 
36 60 40 58 3027 
36 60 29 3039 
36 60 29 52 3028 
36 60 29 52 58 3028 
36 60 29 58 3039 
36 60 52 3041 
36 60 52 58 3041 
36 60 58 3052 
36 40 3073 
36 40 29 3058 
36 40 29 52 3047 
36 40 29 52 58 3047 
36 40 29 58 3058 
36 40 52 3062 
36 40 52 58 3062 
36 40 58 3073 
36 29 3084 
36 29 52 3073 
36 29 52 58 3073 
36 29 58 3084 
36 52 3088 
36 52 58 3088 
36 58 3099 
60 3149 
60 40 3124 
60 40 29 3111 
60 40 29 52 3100 
60 40 29 52 58 3100 
60 40 29 58 3111 
60 40 52 3113 
60 40 52 58 3113 
60 40 58 3124 
60 29 3136 
60 29 52 3125 
60 29 52 58 3125 
60 29 58 3136 
60 52 3138 
60 52 58 3138 
60 58 3149 
40 3170 
40 29 3155 
40 29 52 3144 
40 29 52 58 3144 
40 29 58 3155 
40 52 3159 
40 52 58 3159 
40 58 3170 
29 3181 
29 52 3170 
29 52 58 3170 
29 58 3181 
52 3185 
52 58 3185 
58 3195 
