5 34 29 58 2885 
5 34 52 58 2880 
5 60 40 29 2899 
5 60 40 52 2893 
5 60 40 58 2904 
5 60 29 52 2908 
5 60 29 58 2919 
5 60 52 58 2913 
5 40 29 52 2932 
5 40 29 58 2943 
5 40 52 58 2939 
5 29 52 58 2953 
48 7 29 58 2886 
48 7 52 58 2882 
48 36 60 40 2935 
48 36 60 29 2947 
48 36 60 52 2949 
48 36 60 58 2960 
48 36 40 29 2946 
48 36 40 52 2950 
48 36 40 58 2961 
48 36 29 52 2961 
48 36 29 58 2972 
48 36 52 58 2976 
48 60 40 29 2948 
48 60 40 52 2950 
48 60 40 58 2961 
48 60 29 52 2962 
48 60 29 58 2973 
48 60 52 58 2975 
48 40 29 52 2961 
48 40 29 58 2972 
48 40 52 58 2976 
48 29 52 58 2987 
66 34 60 29 2882 
66 34 60 52 2877 
66 34 60 58 2886 
66 34 29 58 2882 
66 34 52 58 2877 
66 62 60 40 2877 
66 62 60 29 2884 
66 62 60 52 2881 
66 62 60 58 2892 
66 62 40 58 2877 
66 62 29 58 2884 
66 62 52 58 2881 
66 7 60 40 2882 
66 7 60 29 2902 
66 7 60 52 2895 
66 7 60 58 2906 
66 7 40 29 2878 
66 7 40 58 2882 
66 7 29 52 2891 
66 7 29 58 2902 
66 7 52 58 2895 
66 36 60 40 2900 
66 36 60 29 2916 
66 36 60 52 2913 
66 36 60 58 2924 
66 36 40 29 2892 
66 36 40 52 2889 
66 36 40 58 2900 
66 36 29 52 2905 
66 36 29 58 2916 
66 36 52 58 2913 
66 60 40 29 2989 
66 60 40 52 2986 
66 60 40 58 2997 
66 60 29 52 3002 
66 60 29 58 3013 
66 60 52 58 3010 
66 40 29 52 2978 
66 40 29 58 2989 
66 40 52 58 2986 
66 29 52 58 3002 
56 34 29 58 2880 
56 34 52 58 2879 
56 62 60 58 2877 
56 62 40 29 2894 
56 62 40 52 2904 
56 62 40 58 2909 
56 62 29 52 2903 
56 62 29 58 2908 
56 62 52 58 2918 
56 7 40 29 2887 
56 7 40 52 2889 
56 7 40 58 2894 
56 7 29 52 2907 
56 7 29 58 2912 
56 7 52 58 2914 
56 36 60 58 2877 
56 36 40 29 2884 
56 36 40 52 2894 
56 36 40 58 2899 
56 36 29 52 2904 
56 36 29 58 2909 
56 36 52 58 2919 
56 60 40 29 2937 
56 60 40 52 2945 
56 60 40 58 2950 
56 60 29 52 2956 
56 60 29 58 2961 
56 60 52 58 2969 
56 40 29 52 2976 
56 40 29 58 2981 
56 40 52 58 2991 
56 29 52 58 3001 
34 62 40 29 2897 
34 62 40 52 2892 
34 62 40 58 2901 
34 62 29 52 2900 
34 62 29 58 2909 
34 62 52 58 2904 
34 7 60 29 2883 
34 7 60 58 2885 
34 7 40 29 2905 
34 7 40 52 2898 
34 7 40 58 2907 
34 7 29 52 2919 
34 7 29 58 2928 
34 7 52 58 2921 
34 36 60 29 2894 
34 36 60 52 2889 
34 36 60 58 2898 
34 36 40 29 2916 
34 36 40 52 2911 
34 36 40 58 2920 
34 36 29 52 2930 
34 36 29 58 2939 
34 36 52 58 2934 
34 60 40 29 2969 
34 60 40 52 2964 
34 60 40 58 2973 
34 60 29 52 2982 
34 60 29 58 2991 
34 60 52 58 2986 
34 40 29 52 3004 
34 40 29 58 3013 
34 40 52 58 3008 
34 29 52 58 3027 
62 7 60 40 2881 
62 7 60 29 2889 
62 7 60 52 2885 
62 7 60 58 2896 
62 7 40 29 2918 
62 7 40 52 2914 
62 7 40 58 2925 
62 7 29 52 2922 
62 7 29 58 2933 
62 7 52 58 2929 
62 36 60 40 2902 
62 36 60 29 2904 
62 36 60 52 2906 
62 36 60 58 2917 
62 36 40 29 2933 
62 36 40 52 2937 
62 36 40 58 2948 
62 36 29 52 2937 
62 36 29 58 2948 
62 36 52 58 2952 
62 60 40 29 2986 
62 60 40 52 2988 
62 60 40 58 2999 
62 60 29 52 2990 
62 60 29 58 3001 
62 60 52 58 3003 
62 40 29 52 3019 
62 40 29 58 3030 
62 40 52 58 3034 
62 29 52 58 3034 
7 36 60 40 2909 
7 36 60 29 2927 
7 36 60 52 2923 
7 36 60 58 2934 
7 36 40 29 2946 
7 36 40 52 2942 
7 36 40 58 2953 
7 36 29 52 2961 
7 36 29 58 2972 
7 36 52 58 2968 
7 60 40 29 2999 
7 60 40 52 2995 
7 60 40 58 3006 
7 60 29 52 3013 
7 60 29 58 3024 
7 60 52 58 3020 
7 40 29 52 3032 
7 40 29 58 3043 
7 40 52 58 3039 
7 29 52 58 3058 
36 60 40 29 3014 
36 60 40 52 3016 
36 60 40 58 3027 
36 60 29 52 3028 
36 60 29 58 3039 
36 60 52 58 3041 
36 40 29 52 3047 
36 40 29 58 3058 
36 40 52 58 3062 
36 29 52 58 3073 
60 40 29 52 3100 
60 40 29 58 3111 
60 40 52 58 3113 
60 29 52 58 3125 
40 29 52 58 3144 
