5 60 40 29 52 2888 
5 60 40 29 58 2899 
5 60 40 52 58 2893 
5 60 29 52 58 2908 
5 40 29 52 58 2932 
48 36 60 40 29 2922 
48 36 60 40 52 2924 
48 36 60 40 58 2935 
48 36 60 29 52 2936 
48 36 60 29 58 2947 
48 36 60 52 58 2949 
48 36 40 29 52 2935 
48 36 40 29 58 2946 
48 36 40 52 58 2950 
48 36 29 52 58 2961 
48 60 40 29 52 2937 
48 60 40 29 58 2948 
48 60 40 52 58 2950 
48 60 29 52 58 2962 
48 40 29 52 58 2961 
66 34 60 29 58 2882 
66 34 60 52 58 2877 
66 62 60 40 58 2877 
66 62 60 29 58 2884 
66 62 60 52 58 2881 
66 7 60 40 29 2878 
66 7 60 40 58 2882 
66 7 60 29 52 2891 
66 7 60 29 58 2902 
66 7 60 52 58 2895 
66 7 40 29 58 2878 
66 7 29 52 58 2891 
66 36 60 40 29 2892 
66 36 60 40 52 2889 
66 36 60 40 58 2900 
66 36 60 29 52 2905 
66 36 60 29 58 2916 
66 36 60 52 58 2913 
66 36 40 29 52 2881 
66 36 40 29 58 2892 
66 36 40 52 58 2889 
66 36 29 52 58 2905 
66 60 40 29 52 2978 
66 60 40 29 58 2989 
66 60 40 52 58 2986 
66 60 29 52 58 3002 
66 40 29 52 58 2978 
56 62 40 29 52 2889 
56 62 40 29 58 2894 
56 62 40 52 58 2904 
56 62 29 52 58 2903 
56 7 40 29 52 2882 
56 7 40 29 58 2887 
56 7 40 52 58 2889 
56 7 29 52 58 2907 
56 36 40 29 52 2879 
56 36 40 29 58 2884 
56 36 40 52 58 2894 
56 36 29 52 58 2904 
56 60 40 29 52 2932 
56 60 40 29 58 2937 
56 60 40 52 58 2945 
56 60 29 52 58 2956 
56 40 29 52 58 2976 
34 62 40 29 52 2888 
34 62 40 29 58 2897 
34 62 40 52 58 2892 
34 62 29 52 58 2900 
34 7 60 29 58 2883 
34 7 40 29 52 2896 
34 7 40 29 58 2905 
34 7 40 52 58 2898 
34 7 29 52 58 2919 
34 36 60 29 52 2885 
34 36 60 29 58 2894 
34 36 60 52 58 2889 
34 36 40 29 52 2907 
34 36 40 29 58 2916 
34 36 40 52 58 2911 
34 36 29 52 58 2930 
34 60 40 29 52 2960 
34 60 40 29 58 2969 
34 60 40 52 58 2964 
34 60 29 52 58 2982 
34 40 29 52 58 3004 
62 7 60 40 58 2881 
62 7 60 29 52 2878 
62 7 60 29 58 2889 
62 7 60 52 58 2885 
62 7 40 29 52 2907 
62 7 40 29 58 2918 
62 7 40 52 58 2914 
62 7 29 52 58 2922 
62 36 60 40 29 2889 
62 36 60 40 52 2891 
62 36 60 40 58 2902 
62 36 60 29 52 2893 
62 36 60 29 58 2904 
62 36 60 52 58 2906 
62 36 40 29 52 2922 
62 36 40 29 58 2933 
62 36 40 52 58 2937 
62 36 29 52 58 2937 
62 60 40 29 52 2975 
62 60 40 29 58 2986 
62 60 40 52 58 2988 
62 60 29 52 58 2990 
62 40 29 52 58 3019 
7 36 60 40 29 2902 
7 36 60 40 52 2898 
7 36 60 40 58 2909 
7 36 60 29 52 2916 
7 36 60 29 58 2927 
7 36 60 52 58 2923 
7 36 40 29 52 2935 
7 36 40 29 58 2946 
7 36 40 52 58 2942 
7 36 29 52 58 2961 
7 60 40 29 52 2988 
7 60 40 29 58 2999 
7 60 40 52 58 2995 
7 60 29 52 58 3013 
7 40 29 52 58 3032 
36 60 40 29 52 3003 
36 60 40 29 58 3014 
36 60 40 52 58 3016 
36 60 29 52 58 3028 
36 40 29 52 58 3047 
60 40 29 52 58 3100 
