5 34 2889 
5 60 2924 
5 40 2950 
5 29 2964 
5 52 2960 
5 58 2971 
48 62 2877 
48 7 2893 
48 36 2987 
48 60 2986 
48 40 2987 
48 29 2998 
48 52 3002 
48 58 3013 
66 34 2886 
66 62 2892 
66 7 2906 
66 36 2924 
66 60 3021 
66 40 2997 
66 29 3013 
66 52 3010 
66 58 3021 
56 34 2884 
56 62 2923 
56 7 2919 
56 36 2924 
56 60 2974 
56 40 2996 
56 29 3006 
56 52 3016 
56 58 3021 
34 62 2913 
34 7 2930 
34 36 2943 
34 60 2995 
34 40 3017 
34 29 3036 
34 52 3031 
34 58 3040 
62 7 2940 
62 36 2963 
62 60 3014 
62 40 3045 
62 29 3045 
62 52 3049 
62 58 3060 
7 36 2979 
7 60 3031 
7 40 3050 
7 29 3069 
7 52 3065 
7 58 3076 
36 60 3052 
36 40 3073 
36 29 3084 
36 52 3088 
36 58 3099 
60 40 3124 
60 29 3136 
60 52 3138 
60 58 3149 
40 29 3155 
40 52 3159 
40 58 3170 
29 52 3170 
29 58 3181 
52 58 3185 
