5 60 40 29 52 58 2888 
48 36 60 40 29 52 2911 
48 36 60 40 29 58 2922 
48 36 60 40 52 58 2924 
48 36 60 29 52 58 2936 
48 36 40 29 52 58 2935 
48 60 40 29 52 58 2937 
66 7 60 40 29 58 2878 
66 7 60 29 52 58 2891 
66 36 60 40 29 52 2881 
66 36 60 40 29 58 2892 
66 36 60 40 52 58 2889 
66 36 60 29 52 58 2905 
66 36 40 29 52 58 2881 
66 60 40 29 52 58 2978 
56 62 40 29 52 58 2889 
56 7 40 29 52 58 2882 
56 36 40 29 52 58 2879 
56 60 40 29 52 58 2932 
34 62 40 29 52 58 2888 
34 7 40 29 52 58 2896 
34 36 60 29 52 58 2885 
34 36 40 29 52 58 2907 
34 60 40 29 52 58 2960 
62 7 60 29 52 58 2878 
62 7 40 29 52 58 2907 
62 36 60 40 29 52 2878 
62 36 60 40 29 58 2889 
62 36 60 40 52 58 2891 
62 36 60 29 52 58 2893 
62 36 40 29 52 58 2922 
62 60 40 29 52 58 2975 
7 36 60 40 29 52 2891 
7 36 60 40 29 58 2902 
7 36 60 40 52 58 2898 
7 36 60 29 52 58 2916 
7 36 40 29 52 58 2935 
7 60 40 29 52 58 2988 
36 60 40 29 52 58 3003 
